Sample	# contigs (>= 0 bp)	# contigs (>= 1000 bp)	# contigs (>= 5000 bp)	# contigs (>= 10000 bp)	# contigs (>= 25000 bp)	# contigs (>= 50000 bp)	Total length (>= 0 bp)	Total length (>= 1000 bp)	Total length (>= 5000 bp)	Total length (>= 10000 bp)	Total length (>= 25000 bp)	Total length (>= 50000 bp)	# contigs	Largest contig	Total length	GC (%)	N50	N75	L50	L75	# total reads	# left	# right	Mapped (%)	Properly paired (%)	Avg. coverage depth	Coverage >= 1x (%)	# N's per 100 kbp
megahit_processed_B053323_contigs	691.0	118.0	82.0	65.0	48.0	28.0	4548962.0	4436658.0	4355456.0	4235109.0	3977918.0	3219205.0	131.0	254883.0	4446143.0	28.37	101377.0	46934.0	15.0	31.0	1116577.0	557482.0	557482.0	99.81	98.29	37.0	100.0	0.0
megahit_processed_B055059_contigs	801.0	189.0	126.0	96.0	60.0	30.0	4576149.0	4463968.0	4316355.0	4104458.0	3501429.0	2379503.0	222.0	135566.0	4487002.0	28.37	53831.0	30793.0	28.0	55.0	1677810.0	837628.0	837628.0	99.9	97.87	54.0	100.0	0.0
megahit_processed_B069073_contigs	651.0	135.0	101.0	77.0	53.0	30.0	4330295.0	4250786.0	4163879.0	3995888.0	3569615.0	2709922.0	155.0	155563.0	4265319.0	28.36	67776.0	38069.0	21.0	41.0	1429432.0	713915.0	713915.0	99.2	97.64	32.0	100.0	0.0
skesa_processed_B053323_contigs	140.0	128.0	103.0	86.0	58.0	28.0	4441202.0	4432836.0	4369318.0	4246743.0	3762460.0	2655663.0	137.0	193500.0	4439793.0	28.39	61457.0	37056.0	21.0	44.0	1116480.0	557482.0	557482.0	99.39	98.09	37.0	100.0	0.0
skesa_processed_B055059_contigs	248.0	226.0	169.0	125.0	59.0	21.0	4404890.0	4390400.0	4252861.0	3944784.0	2895977.0	1466846.0	242.0	102722.0	4402042.0	28.45	41147.0	18788.0	37.0	78.0	1677618.0	837628.0	837628.0	99.3	97.67	55.0	100.0	0.0
skesa_processed_B069073_contigs	196.0	175.0	132.0	106.0	55.0	26.0	4190234.0	4180512.0	4058703.0	3882608.0	3011493.0	1975153.0	183.0	137624.0	4186111.0	28.37	46237.0	22856.0	29.0	61.0	1429080.0	713915.0	713915.0	98.36	96.93	32.0	100.0	0.0
spades_processed_B053323_contigs	168.0	70.0	53.0	45.0	37.0	27.0	4477314.0	4448282.0	4414797.0	4354050.0	4238512.0	3866220.0	85.0	379425.0	4458454.0	28.39	155807.0	86722.0	10.0	20.0	1115305.0	557482.0	557482.0	99.91	98.8	37.0	100.0	0.0
spades_processed_B055059_contigs	216.0	118.0	91.0	76.0	53.0	36.0	4450457.0	4424267.0	4359529.0	4256804.0	3878757.0	3235931.0	131.0	177983.0	4433132.0	28.4	78324.0	46970.0	20.0	38.0	1676109.0	837628.0	837628.0	99.86	98.58	55.0	100.0	0.0
spades_processed_B069073_contigs	221.0	86.0	73.0	62.0	46.0	32.0	4230462.0	4205239.0	4173144.0	4099801.0	3819919.0	3316650.0	93.0	185144.0	4210199.0	28.35	93692.0	57993.0	16.0	30.0	1428783.0	713915.0	713915.0	99.33	97.97	33.0	100.0	0.0
